1 11 51.2 51.6 46 
3 11 52.4 56.8 38.4 
5 11 53.2 48.8 44.8 
7 11 54.4 49.2 42 
9 11 53.6 48.8 44 
11 12 53.2 50 43.6 
13 12 53.4 48.8 44.4 
15 13 54 48 44 
17 13 53 49.6 44.4 
19 14 53 49.6 44.4 
21 14 53.8 48.8 43.6 
23 15 54 49.6 42.4 
25 15 54 50.4 41.6 
27 16 54.6 49.6 41.2 
29 16 54.8 49.6 40.8 
31 16 54.6 50 40.8 
33 17 55 49.6 40.4 
35 18 54.8 50 40.4 
37 18 54.6 50 40.8 
39 19 55.2 50.4 39.2 
41 19 55 50.4 39.6 
43 19 55.2 50.4 39.2 
45 20 55 50.4 39.6 
47 21 54.8 50.4 40 
49 21 54.6 50.8 40 
51 21 54.6 50.8 40 
53 22 54.4 50.8 40.4 
55 22 54.4 50.8 40.4 
57 23 54.4 50.8 40.4 
59 23 54.2 50.8 40.8 
61 24 54.6 50.4 40.4 
63 25 54.6 50.4 40.4 
65 25 54.6 50.4 40.4 
67 26 54.4 50.4 40.8 
69 26 54.4 50.4 40.8 
71 27 54.4 50.4 40.8 
73 27 55 49.6 40.4 
75 28 55 49.6 40.4 
77 29 55 49.6 40.4 
79 30 55 49.6 40.4 
81 30 55.2 49.6 40 
83 30 54.8 49.6 40.8 
85 30 54.8 49.6 40.8 
87 31 54.8 49.6 40.8 
89 32 55 49.2 40.8 
91 33 55 49.2 40.8 
93 33 55 49.2 40.8 
95 33 55 49.2 40.8 
97 34 55.2 49.2 40.4 
99 34 55.4 49.2 40 
101 35 55.4 49.2 40 