1 8 59.8 37.6 42.8 
3 9 60.8 46.4 32 
5 9 61.4 37.2 40 
7 9 62 38.8 37.2 
9 9 62.2 38.8 36.8 
11 10 64.6 38 32.8 
13 10 65.6 36 32.8 
15 11 65.6 35.6 33.2 
17 11 65.4 35.2 34 
19 11 65.2 37.2 32.4 
21 12 65.6 36.8 32 
23 12 66 36 32 
25 13 65.8 36 32.4 
27 13 65.6 36.4 32.4 
29 14 65.4 36.8 32.4 
31 14 65.4 36.8 32.4 
33 15 65.6 36.8 32 
35 15 65.6 36.4 32.4 
37 15 65.2 36.8 32.8 
39 16 65.4 36.8 32.4 
41 16 65.2 37.2 32.4 
43 17 65.8 37.2 31.2 
45 18 65.4 38 31.2 
47 18 65.6 38 30.8 
49 18 65.6 38 30.8 
51 19 65.6 38 30.8 
53 20 65.8 38 30.4 
55 20 65.8 38 30.4 
57 20 65.8 38 30.4 
59 20 66 38 30 
61 21 66 38 30 
63 22 66 38.4 29.6 
65 22 66 38.4 29.6 
67 23 66 38.4 29.6 
69 24 66 38.4 29.6 
71 24 66 38.4 29.6 
73 25 66 38.4 29.6 
75 25 66 38.4 29.6 
77 26 66 38.4 29.6 
79 27 66 38.4 29.6 
81 26 66.2 38.4 29.2 
83 27 66.2 38.4 29.2 
85 28 66.2 38.4 29.2 
87 28 66.2 38.4 29.2 
89 29 66.2 38.4 29.2 
91 30 66.2 38.4 29.2 
93 30 66.2 38.4 29.2 
95 31 66.2 38.4 29.2 
97 31 66.2 38.4 29.2 
99 32 66.2 38.4 29.2 
101 33 66.2 38.4 29.2 
