1 9 72.8 28 26.4 
3 8 74.2 30.8 20.8 
5 9 76 24 24 
7 9 76.8 23.6 22.8 
9 9 77.6 22.4 22.4 
11 10 78 22 22 
13 10 77.4 22.4 22.8 
15 11 77.6 22 22.8 
17 11 78 21.6 22.4 
19 11 78.6 20.8 22 
21 12 78.8 20.8 21.6 
23 13 78.6 21.2 21.6 
25 13 78.6 21.2 21.6 
27 13 78.8 21.2 21.2 
29 13 79.2 20.8 20.8 
31 14 79.4 20.4 20.8 
33 14 79.8 20 20.4 
35 15 80 20 20 
37 15 80 20 20 
39 16 80 20 20 
41 16 80 20 20 
43 17 80 20 20 
45 17 80 20 20 
47 18 79.8 20.4 20 
49 19 79.8 20.4 20 
51 19 79.8 20.4 20 
53 19 79.8 20.4 20 
55 20 79.8 20.4 20 
57 21 80 20 20 
59 21 80.2 20 19.6 
61 21 80.2 20 19.6 
63 22 80.2 20 19.6 
65 23 80.2 20 19.6 
67 23 80.2 20 19.6 
69 23 80.2 20 19.6 
71 24 80.2 20 19.6 
73 24 80.2 20 19.6 
75 24 80.2 20 19.6 
77 25 80.4 19.6 19.6 
79 26 80.4 19.6 19.6 
81 28 80.4 19.6 19.6 
83 28 80.4 19.6 19.6 
85 28 80.4 19.6 19.6 
87 28 80.4 19.6 19.6 
89 29 80.4 19.6 19.6 
91 30 80.4 19.6 19.6 
93 29 80.4 19.6 19.6 
95 29 80.4 19.6 19.6 
97 32 80.4 19.6 19.6 
99 32 80.4 19.6 19.6 
101 32 80.4 19.6 19.6 
