1 9 58.2 46.8 36.8 
3 9 58.8 50.8 31.6 
5 10 60 44.8 35.2 
7 10 59.8 45.6 34.8 
9 10 59.6 44.8 36 
11 10 59.4 44.8 36.4 
13 11 59.2 45.2 36.4 
15 11 59.2 44.8 36.8 
17 12 58.8 45.2 37.2 
19 12 58.8 45.2 37.2 
21 12 58.8 44.8 37.6 
23 13 59.4 44.4 36.8 
25 13 59.2 44.4 37.2 
27 14 59.6 44.4 36.4 
29 15 59.6 44.4 36.4 
31 15 59.6 44.4 36.4 
33 15 59.4 44.4 36.8 
35 16 59.4 44.4 36.8 
37 17 59.6 44 36.8 
39 17 59.4 44 37.2 
41 18 59.6 43.6 37.2 
43 17 59.4 43.6 37.6 
45 18 60 43.2 36.8 
47 19 60 43.2 36.8 
49 19 60 43.2 36.8 
51 20 60.2 42.8 36.8 
53 20 60.4 42.4 36.8 
55 21 60.4 42.4 36.8 
57 21 60.4 42.4 36.8 
59 22 60.2 42.8 36.8 
61 23 60.4 42 37.2 
63 23 60.6 41.6 37.2 
65 23 60.6 41.6 37.2 
67 23 60.6 41.6 37.2 
69 24 60.4 42 37.2 
71 24 60.4 42 37.2 
73 25 60.6 41.6 37.2 
75 25 60.6 41.6 37.2 
77 25 60.4 41.6 37.6 
79 27 60.2 42 37.6 
81 27 60.2 42 37.6 
83 28 60.2 42 37.6 
85 28 60.6 41.2 37.6 
87 28 60.6 41.2 37.6 
89 28 60.6 41.2 37.6 
91 29 60.6 41.2 37.6 
93 29 60.6 41.2 37.6 
95 30 60.6 41.2 37.6 
97 32 60.2 41.2 38.4 
99 32 60.2 41.2 38.4 
101 32 60.2 41.2 38.4 
