1 10 57.2 41.6 44 
3 10 57.4 48.4 36.8 
5 10 57.8 42 42.4 
7 10 58.6 43.2 39.6 
9 11 57.8 42.8 41.6 
11 11 57.6 43.6 41.2 
13 12 57.6 42.4 42.4 
15 12 57.6 42.8 42 
17 13 58 41.2 42.8 
19 13 58.4 40.8 42.4 
21 13 58.4 40.4 42.8 
23 14 58.6 40.8 42 
25 14 58.4 40.4 42.8 
27 15 58.4 40.8 42.4 
29 16 58 41.2 42.8 
31 16 58 41.6 42.4 
33 17 58 41.6 42.4 
35 16 58 42 42 
37 17 58 42 42 
39 17 58 42 42 
41 18 57.6 42 42.8 
43 18 57.8 42 42.4 
45 19 58 41.6 42.4 
47 19 57.6 42 42.8 
49 20 57.6 41.6 43.2 
51 20 57 42.4 43.6 
53 21 57.2 42 43.6 
55 22 57 42 44 
57 22 56.8 42 44.4 
59 22 57 42 44 
61 23 57 42 44 
63 23 57 42.4 43.6 
65 24 57 42.4 43.6 
67 24 56.8 42.8 43.6 
69 25 56.6 42.8 44 
71 25 56.8 42.4 44 
73 26 57 42.4 43.6 
75 26 56.8 42.8 43.6 
77 27 57.2 42 43.6 
79 28 57.2 42 43.6 
81 28 57.4 41.6 43.6 
83 28 57.4 41.6 43.6 
85 29 57.4 41.6 43.6 
87 30 57.4 41.6 43.6 
89 30 57.6 41.2 43.6 
91 31 57.6 41.2 43.6 
93 31 57.6 41.2 43.6 
95 32 57.6 41.6 43.2 
97 33 57.6 41.6 43.2 
99 33 57.6 41.6 43.2 
101 35 57.6 41.6 43.2 
