1 12 52.6 50.4 44.4 
3 11 53.8 55.6 36.8 
5 12 56 47.2 40.8 
7 12 56.8 47.6 38.8 
9 12 56.8 48 38.4 
11 12 57.2 48 37.6 
13 13 55.6 48.4 40.4 
15 13 55.8 48 40.4 
17 13 55.8 47.2 41.2 
19 14 56.2 47.6 40 
21 14 56.4 47.6 39.6 
23 15 56.2 49.2 38.4 
25 15 56.2 48.8 38.8 
27 16 56.8 48.8 37.6 
29 16 56.6 49.6 37.2 
31 16 57 49.2 36.8 
33 17 57 49.2 36.8 
35 18 56.8 49.2 37.2 
37 18 57 49.2 36.8 
39 19 56.8 49.6 36.8 
41 19 56.8 49.6 36.8 
43 20 56.8 49.6 36.8 
45 20 57 49.2 36.8 
47 21 57 49.2 36.8 
49 21 57 49.2 36.8 
51 21 57 49.2 36.8 
53 21 57 49.2 36.8 
55 22 56.8 49.6 36.8 
57 23 57 49.6 36.4 
59 23 56.8 50 36.4 
61 24 56.8 50 36.4 
63 24 56.6 50 36.8 
65 25 56.6 50 36.8 
67 26 56.6 50 36.8 
69 26 56.6 50 36.8 
71 27 56.6 50 36.8 
73 27 56.8 49.6 36.8 
75 27 57.2 48.8 36.8 
77 29 57.2 48.8 36.8 
79 30 57.2 48.8 36.8 
81 30 57.2 48.8 36.8 
83 31 57.2 48.8 36.8 
85 32 57.6 48.4 36.4 
87 32 57.6 48.4 36.4 
89 33 57.4 48.4 36.8 
91 34 57.2 48 37.6 
93 34 57 48 38 
95 34 57 48 38 
97 34 57.2 47.6 38 
99 35 57.6 47.6 37.2 
101 36 57.6 47.2 37.6 
