1 12 56.2 48.4 39.2 
3 12 57.4 56.4 28.8 
5 12 59 47.2 34.8 
7 12 59.8 48 32.4 
9 12 59.2 47.6 34 
11 13 58.8 49.2 33.2 
13 13 59 48.8 33.2 
15 14 59 48.4 33.6 
17 14 58.8 48.4 34 
19 15 58.8 48 34.4 
21 16 58.6 48 34.8 
23 16 58.6 48 34.8 
25 16 59 46.8 35.2 
27 17 58.4 47.2 36 
29 18 58.4 47.2 36 
31 18 58.6 47.2 35.6 
33 18 58.6 46.8 36 
35 18 58.6 46.8 36 
37 19 58 47.6 36.4 
39 19 58.2 47.6 36 
41 20 58.2 47.6 36 
43 20 58.2 47.2 36.4 
45 21 58 46.8 37.2 
47 21 58.4 46.4 36.8 
49 22 58.2 46.4 37.2 
51 22 58.6 45.6 37.2 
53 23 58.8 45.2 37.2 
55 23 58.4 45.6 37.6 
57 23 58.4 45.6 37.6 
59 24 58.4 45.6 37.6 
61 25 58.4 45.6 37.6 
63 25 58.4 45.6 37.6 
65 26 58 46.4 37.6 
67 26 57.8 46.8 37.6 
69 27 57.8 46.8 37.6 
71 27 57.6 46.8 38 
73 28 57.6 46.8 38 
75 29 57.6 46.8 38 
77 29 57.4 47.2 38 
79 29 57.4 47.2 38 
81 30 57.6 46.8 38 
83 31 57.2 47.6 38 
85 31 57.2 47.6 38 
87 31 57.2 47.6 38 
89 32 57.4 47.2 38 
91 32 57.2 47.2 38.4 
93 33 57.4 46.8 38.4 
95 34 57.4 46.8 38.4 
97 36 57.4 46.8 38.4 
99 36 57.4 46.8 38.4 
101 37 57.4 46.8 38.4 
